日付,公表分,累計人数
12月31日,,
12月30日,,
12月29日,,
12月28日,,
12月27日,,
12月26日,,
12月25日,,
12月24日,,
12月23日,,
12月22日,,
12月21日,,
12月20日,,
12月19日,,
12月18日,,
12月17日,,
12月16日,,
12月15日,,
12月14日,,
12月13日,,
12月12日,,
12月11日,185,"10,101"
12月10日,188,"9,916"
12月9日,145,"9,728"
12月8日,172,"9,583"
12月7日,91,"9,411"
12月6日,162,"9,320"
12月5日,168,"9,158"
12月4日,163,"8,990"
12月3日,149,"8,827"
12月2日,150,"8,678"
12月1日,103,"8,528"
日付,公表分,累計人数
11月30日,65,"8,425"
11月29日,138,"8,360"
11月28日,118,"8,222"
11月27日,103,"8,104"
11月26日,159,"8,001"
11月25日,99,"7,842"
11月24日,43,"7,743"
11月23日,89,"7,700"
11月22日,113,"7,611"
11月21日,172,"7,498"
11月20日,96,"7,326"
11月19日,108,"7,230"
11月18日,126,"7,122"
11月17日,88,"6,996"
11月16日,87,"6,908"
11月15日,80,"6,821"
11月14日,104,"6,741"
11月13日,83,"6,637"
11月12日,75,"6,554"
11月11日,116,"6,479"
11月10日,67,"6,363"
11月9日,51,"6,296"
11月8日,44,"6,245"
11月7日,69,"6,201"
11月6日,114,"6,132"
11月5日,32,"6,018"
11月4日,42,"5,986"
11月3日,30,"5,944"
11月2日,26,"5,914"
11月1日,33,"5,888"
日付,公表分,累計人数
10月31日,29,"5,855"
10月30日,61,"5,826"
10月29日,39,"5,765"
10月28日,44,"5,726"
10月27日,29,"5,682"
10月26日,34,"5,653"
10月25日,17,"5,619"
10月24日,41,"5,602"
10月23日,40,"5,561"
10月22日,45,"5,521"
10月21日,50,"5,476"
10月20日,33,"5,426"
10月19日,22,"5,393"
10月18日,40,"5,371"
10月17日,45,"5,331"
10月16日,52,"5,286"
10月15日,57,"5,234"
10月14日,47,"5,177"
10月13日,31,"5,130"
10月12日,18,"5,099"
10月11日,30,"5,081"
10月10日,100,"5,051"
10月9日,28,"4,951"
10月8日,44,"4,923"
10月7日,39,"4,879"
10月6日,20,"4,840"
10月5日,20,"4,820"
10月4日,35,"4,800"
10月3日,50,"4,765"
10月2日,30,"4,715"
10月1日,33,"4,685"
日付,公表分,累計人数
9月30日,28,"4,652"
9月29日,25,"4,624"
9月28日,20,"4,599"
9月27日,35,"4,579"
9月26日,23,"4,544"
9月25日,27,"4,521"
9月24日,21,"4,494"
9月23日,12,"4,473"
9月22日,14,"4,461"
9月21日,15,"4,447"
9月20日,16,"4,432"
9月19日,23,"4,416"
9月18日,24,"4,393"
9月17日,20,"4,369"
9月16日,29,"4,349"
9月15日,19,"4,320"
9月14日,16,"4,301"
9月13日,22,"4,285"
9月12日,36,"4,263"
9月11日,25,"4,227"
9月10日,30,"4,202"
9月9日,25,"4,172"
9月8日,12,"4,147"
9月7日,14,"4,135"
9月6日,21,"4,121"
9月5日,22,"4,100"
9月4日,24,"4,078"
9月3日,42,"4,054"
9月2日,40,"4,012"
9月1日,46,"3,972"
日付,公表分,累計人数
8月31日,25,"3,926"
8月30日,42,"3,901"
8月29日,55,"3,859"
8月28日,56,"3,804"
8月27日,69,"3,748"
8月26日,54,"3,679"
8月25日,35,"3,625"
8月24日,30,"3,590"
8月23日,31,"3,560"
8月22日,66,"3,529"
8月21日,50,"3,463"
8月20日,71,"3,413"
8月19日,62,"3,342"
8月18日,24,"3,280"
8月17日,35,"3,256"
8月16日,56,"3,221"
8月15日,52,"3,165"
8月14日,56,"3,113"
8月13日,56,"3,057"
8月12日,45,"3,001"
8月11日,36,"2,956"
8月10日,42,"2,920"
8月9日,56,"2,878"
8月8日,84,"2,822"
8月7日,50,"2,738"
8月6日,65,"2,688"
8月5日,64,"2,623"
8月4日,49,"2,559"
8月3日,49,"2,510"
8月2日,74,"2,461"
8月1日,74,"2,387"
日付,公表分,累計人数
7月31日,57,"2,313"
7月30日,57,"2,256"
7月29日,53,"2,199"
7月28日,55,"2,146"
7月27日,23,"2,091"
7月26日,33,"2,068"
7月25日,35,"2,035"
7月24日,45,"2,000"
7月23日,64,"1,955"
7月22日,62,"1,891"
7月21日,47,"1,829"
7月20日,28,"1,782"
7月19日,38,"1,754"
7月18日,48,"1,716"
7月17日,51,"1,668"
7月16日,49,"1,617"
7月15日,38,"1,568"
7月14日,42,"1,530"
7月13日,26,"1,488"
7月12日,31,"1,462"
7月11日,35,"1,431"
7月10日,44,"1,396"
7月9日,22,"1,352"
7月8日,48,"1,330"
7月7日,27,"1,282"
7月6日,16,"1,255"
7月5日,21,"1,239"
7月4日,27,"1,218"
7月3日,26,"1,191"
7月2日,19,"1,165"
7月1日,14,"1,146"
日付,公表分,累計人数
6月30日,10,"1,132"
6月29日,13,"1,122"
6月28日,8,"1,109"
6月27日,11,"1,101"
6月26日,16,"1,090"
6月25日,11,"1,074"
6月24日,9,"1,063"
6月23日,12,"1,054"
6月22日,4,"1,042"
6月21日,7,"1,038"
6月20日,4,"1,031"
6月19日,2,"1,027"
6月18日,2,"1,025"
6月17日,1,"1,023"
6月16日,1,"1,022"
6月15日,0,"1,021"
6月14日,2,"1,021"
6月13日,0,"1,019"
6月12日,2,"1,019"
6月11日,3,"1,017"
6月10日,6,"1,014"
6月9日,1,"1,008"
6月8日,0,"1,007"
6月7日,0,"1,007"
6月6日,1,"1,007"
6月5日,1,"1,006"
6月4日,0,"1,005"
6月3日,2,"1,005"
6月2日,0,"1,003"
6月1日,0,"1,003"
日付,公表分,累計人数
5月31日,0,"1,003"
5月30日,0,"1,003"
5月29日,2,"1,003"
5月28日,2,"1,001"
5月27日,0,999
5月26日,0,999
5月25日,0,999
5月24日,0,999
5月23日,1,999
5月22日,1,998
5月21日,1,997
5月20日,5,996
5月19日,0,991
5月18日,3,991
5月17日,4,988
5月16日,5,984
5月15日,2,979
5月14日,4,977
5月13日,4,973
5月12日,1,969
5月11日,2,968
5月10日,5,966
5月9日,16,961
5月8日,11,945
5月7日,14,934
5月6日,9,920
5月5日,6,911
5月4日,5,905
5月3日,12,900
5月2日,21,888
5月1日,5,867
日付,公表分,累計人数
4月30日,12,862
4月29日,15,850
4月28日,7,835
4月27日,8,828
4月26日,19,820
4月25日,22,801
4月24日,18,779
4月23日,33,761
4月22日,39,728
4月21日,10,689
4月20日,12,679
4月19日,37,667
4月18日,37,630
4月17日,26,593
4月16日,51,567
4月15日,61,516
4月14日,22,455
4月13日,15,433
4月12日,40,418
4月11日,37,378
4月10日,53,341
4月9日,35,288
4月8日,34,253
4月7日,17,219
4月6日,16,202
4月5日,30,186
4月4日,18,156
4月3日,17,138
4月2日,15,121
4月1日,3,106
日付,公表分,累計人数
3月31日,15,103
3月30日,1,88
3月29日,5,87
3月28日,6,82
3月27日,6,76
3月26日,7,70
3月25日,1,63
3月24日,7,62
3月23日,1,55
3月22日,6,54
3月21日,3,48
3月20日,3,45
3月19日,4,42
3月18日,1,38
3月17日,5,37
3月16日,0,32
3月15日,0,32
3月14日,2,32
3月13日,7,30
3月12日,6,23
3月11日,2,17
3月10日,5,15
3月9日,0,10
3月8日,1,10
3月7日,0,9
3月6日,3,9
3月5日,2,6
3月4日,0,4
3月3日,0,4
3月2日,0,4
3月1日,0,4
日付,公表分,累計人数
2月29日,0,4
2月28日,0,4
2月27日,0,4
2月26日,0,4
2月25日,0,4
2月24日,0,4
2月23日,0,4
2月22日,0,4
2月21日,1,4
2月20日,0,3
2月19日,0,3
2月18日,0,3
2月17日,0,3
2月16日,0,3
2月15日,0,3
2月14日,1,3
2月13日,0,2
2月12日,0,2
2月11日,0,2
2月10日,1,2
2月9日,0,1
2月8日,0,1
2月7日,0,1
2月6日,0,1
2月5日,0,1
2月4日,0,1
2月3日,0,1
2月2日,0,1
2月1日,1,1
